3,-5,-2,2,4,-4,2,8,-1,-1,-1,-2,2,-6,-1,-4,-4,1,-5,-1,2,-3,1,2,-1,2,1,1,1,-1,1,1,-1,1,-1,-1,1,-1,-1,1,-1,-1,-1,-1,-1,-1,1,1,-1,1,1,-1,1,1,1,1,-1,
-3,-3,-1,2,3,-5,5,10,-2,-1,-5,-1,2,-6,1,-4,-4,2,-5,-1,1,-3,1,1,-1,1,1,1,1,-1,1,1,-1,1,-1,-1,1,1,-1,1,-1,-1,1,-1,-1,1,1,-1,
3,-5,-3,2,5,-4,-2,10,-1,4,-7,-2,2,-6,2,-4,-3,2,-4,-1,2,-3,1,1,-1,1,1,2,1,-1,2,1,-1,2,-1,-1,1,-1,-1,1,-1,-1,-1,-1,1,-1,-1,-1,1,1,1,-1,1,-1,
2,-4,-2,3,4,-3,3,9,-2,-2,-2,-1,2,-6,1,-4,-4,2,-5,-1,1,-3,1,2,-1,2,1,2,1,-1,2,1,-1,1,1,-1,1,1,-1,1,-1,-1,-1,-1,1,-1,-1,1,-1,-1,1,
-5,1,3,-3,-3,-2,2,-1,-4,8,1,-2,-5,3,1,2,-5,-1,-2,-4,1,-5,-3,1,-5,-1,2,-2,1,1,1,1,-1,2,1,-1,2,1,-1,1,1,-1,1,1,-1,1,-1,-1,-1,-1,1,-1,-1,1,-1,1,1,
4,-4,-2,2,5,-5,-2,10,-1,-2,-5,1,3,-6,1,-3,-4,1,-5,-2,2,-4,1,2,-2,1,1,2,1,-1,2,1,-1,2,1,-1,1,1,-1,1,-1,-1,-1,-1,1,-1,1,1,1,1,1,1,1,-1,
9,-2,-2,8,9,1,-4,7,1,3,-5,-2,-1,-6,1,-6,-2,2,-5,-1,2,-2,1,2,1,1,-1,2,1,-2,2,1,-1,1,1,-1,1,-1,-1,1,-1,-1,1,-1,1,-1,-1,1,-1,1,1,-1,1,-1,1,1,1,
-6,1,2,-8,-3,-4,6,-5,-6,2,2,-4,3,8,2,-2,5,3,1,1,3,1,1,3,-3,-1,3,-6,-3,1,-7,-1,-2,-3,-1,-3,1,-1,-2,2,-1,-1,2,-1,-1,1,-1,-1,1,-1,1,1,-1,1,-1,-1,1,1,-1,1,1,-1,1,
-3,1,2,-8,-1,-2,-1,-5,-4,4,2,-4,4,1,1,-4,1,1,3,-5,3,-2,-1,4,-5,-1,3,-6,-1,1,-2,-2,-2,1,-1,-3,2,1,-2,1,1,-1,1,-1,1,1,-1,1,1,-1,1,1,-1,1,1,-1,-1,1,-1,1,
-5,1,1,-7,-3,-3,4,-5,-4,3,3,-4,-2,9,2,-2,1,2,2,-3,3,-2,-1,4,-5,-1,2,-6,-1,-1,-3,-1,-3,1,-1,-2,2,-1,-1,2,-1,-1,1,-1,1,1,-1,1,1,1,-1,1,-1,1,-1,-1,1,-1,-1,1,
-5,-1,-2,-2,-5,-4,2,-2,-4,5,10,1,-3,3,3,2,-3,2,-1,-3,3,-3,1,2,-5,-1,1,-4,-1,-1,-1,-1,-2,2,-1,-1,1,-1,-1,1,-1,-1,1,-1,-1,1,-1,-1,1,-1,-1,-1,-1,1,-1,-1,1,-1,1,1,1,1,-1,
-5,-2,3,-5,-4,1,3,-3,-3,9,1,-2,8,7,2,-2,6,2,-1,-2,-2,-2,-1,-1,-4,1,-1,-5,2,1,-4,-2,1,-2,-3,-1,1,-2,-1,2,-1,-1,1,1,-1,1,1,-1,1,1,1,1,1,1,-1,1,-1,1,1,-1,1,1,-1,
-4,-4,1,8,-5,-2,10,4,-1,1,4,1,-1,2,-2,-2,-1,-1,-3,-1,-1,-3,3,1,-2,2,1,-2,1,2,-3,-2,2,-3,-2,1,-1,-1,-1,1,1,-1,1,1,-1,1,1,-1,-1,1,-1,-1,1,1,1,1,1,1,1,-1,
-8,-3,3,9,-5,-2,1,2,1,1,2,2,-1,3,-2,-2,3,-2,-2,1,-1,-2,-1,-1,-4,2,1,-4,1,1,-3,-1,1,-2,-1,1,-1,-1,1,1,-1,1,1,-1,-1,1,-1,-1,1,1,-1,1,1,-1,1,-1,-1,1,1,-1,1,1,-1,
-4,-3,2,5,-5,-2,1,3,-2,2,5,1,-1,1,-2,-2,1,-1,-2,1,-1,-2,2,-1,-3,2,1,-3,2,2,-3,1,2,-2,-2,2,-2,-2,1,-1,-1,-1,-1,-1,-1,1,-1,-1,1,-1,-1,1,-1,-1,1,-1,-1,1,-1,-1,
-5,-3,3,4,-2,-1,1,2,-2,3,5,2,-1,2,1,-1,-1,-2,-2,-1,-1,-2,-1,-1,-2,1,-1,-2,2,1,-2,2,1,-3,2,2,-3,-2,2,-2,-2,1,-1,-2,-1,1,-1,-1,1,1,-1,1,1,-1,1,-1,-1,1,-1,-1,1,-1,-1,1,-1,-1,
-3,-2,3,-4,-4,2,8,-3,-2,9,3,-1,1,3,2,-1,2,-1,-2,3,-1,-2,-1,-1,-2,-1,-1,-3,2,1,-3,2,1,-3,1,2,-3,-2,2,-3,-2,1,-1,-2,-1,1,-1,-1,1,1,-1,1,1,-1,1,1,-1,1,-1,-1,1,-1,-1,1,-1,1,
5,1,-1,6,-1,2,1,-2,3,1,2,1,5,3,1,-1,1,-2,-4,-4,-2,-4,-1,-1,-4,1,1,-3,2,1,-2,1,1,-1,1,1,-1,1,1,-1,-1,1,-1,-1,-1,-1,-1,-1,-1,-1,-1,
-1,1,2,1,2,1,3,3,-1,1,3,1,-3,-3,-1,-3,-3,-1,-3,-1,-1,-3,-1,1,-3,1,1,-2,1,1,-1,1,1,-1,1,1,-1,1,1,-1,-1,1,-1,-1,-1,-1,-1,-1,-1,-1,-1,
1,-1,2,1,2,1,2,3,-1,-1,2,1,-3,-2,-1,-3,-3,-1,-4,-1,-1,-4,1,-1,-2,1,-1,-1,2,1,-1,1,1,-1,1,1,-1,-1,1,-1,-1,1,
4,2,1,3,-1,2,1,-1,1,-2,-1,1,-3,-1,-1,-3,1,-1,-3,1,-1,-3,1,-1,-2,-1,-1,-1,1,-1,-1,-1,-1,-1,1,-1,
1,1,-1,5,1,-3,8,-1,-1,5,-2,4,-1,-2,3,-3,1,1,-4,1,-1,-3,1,-2,-3,1,-2,-2,1,-1,-2,1,-1,-1,1,-1,-1,1,-1,-1,1,-1,
4,-1,-2,6,-1,-1,6,-1,3,2,-1,3,-3,-1,1,-3,-1,1,-3,1,-1,-3,1,-1,-3,1,-1,-2,1,-1,-2,1,-1,-1,1,-1,-1,1,-1,
7,1,2,4,-1,3,-3,-2,2,-4,-1,1,-3,1,-1,-3,1,-1,-3,1,-1,-2,1,-1,-2,-1,-1,-1,-1,-1,-1,-1,-1,-1,1,-1,
5,-1,3,2,-2,3,-3,-1,1,-3,1,-1,-3,1,-2,-3,1,-1,-3,1,-1,-2,-1,-1,-2,-1,-1,-2,-1,-1,-1,-1,-1,